0
8
16
24
32
40
48
56
64
72
80
88
96
104
112
120
0
8
128
136
144
152
160
168
176
184
192
200
16
24
208
216
224
232
240
248
256
264
272
280
32
40
288
296
304
312
320
328
336
344
48
56
352
360
368
376
384
392
400
408
64
72
416
424
432
440
448
456
464
472
80
88
480
488
496
504
512
520
528
536
96
104
544
552
560
568
576
584
592
600
112
120
608
616
624
632
640
648
656
664
128
136
672
680
688
696
704
712
720
728
144
152
736
744
752
760
768
776
784
792
160
168
800
808
816
824
832
840
848
856
176
184
864
872
880
888
896
904
912
920
192
200
928
936
944
952
960
968
976
984
